{
  "nbformat": 4,
  "nbformat_minor": 0,
  "metadata": {
    "colab": {
      "name": "Comparação_Carteira_x_Ibov.ipynb",
      "provenance": [],
      "collapsed_sections": [
        "ygXugB2HRUTP"
      ],
      "include_colab_link": true
    },
    "kernelspec": {
      "name": "python3",
      "display_name": "Python 3"
    },
    "language_info": {
      "name": "python"
    }
  },
  "cells": [
    {
      "cell_type": "markdown",
      "metadata": {
        "id": "view-in-github",
        "colab_type": "text"
      },
      "source": [
        "<a href=\"https://colab.research.google.com/github/murilofarias10/AnaliseComPython/blob/main/Compara%C3%A7%C3%A3o_Carteira_x_Ibov.ipynb\" target=\"_parent\"><img src=\"https://colab.research.google.com/assets/colab-badge.svg\" alt=\"Open In Colab\"/></a>"
      ]
    },
    {
      "cell_type": "markdown",
      "metadata": {
        "id": "GiqLrjMJGDnZ"
      },
      "source": [
        "## 1. Instalando e importando bibliotecas"
      ]
    },
    {
      "cell_type": "code",
      "metadata": {
        "colab": {
          "base_uri": "https://localhost:8080/"
        },
        "id": "d81aLa1XGOvh",
        "outputId": "c71cb9b9-4338-41fa-9933-829d0c393a68"
      },
      "source": [
        "!pip install yfinance #instalando API yahoo finance"
      ],
      "execution_count": 351,
      "outputs": [
        {
          "output_type": "stream",
          "name": "stdout",
          "text": [
            "Requirement already satisfied: yfinance in /usr/local/lib/python3.7/dist-packages (0.1.63)\n",
            "Requirement already satisfied: requests>=2.20 in /usr/local/lib/python3.7/dist-packages (from yfinance) (2.23.0)\n",
            "Requirement already satisfied: multitasking>=0.0.7 in /usr/local/lib/python3.7/dist-packages (from yfinance) (0.0.9)\n",
            "Requirement already satisfied: pandas>=0.24 in /usr/local/lib/python3.7/dist-packages (from yfinance) (1.1.5)\n",
            "Requirement already satisfied: lxml>=4.5.1 in /usr/local/lib/python3.7/dist-packages (from yfinance) (4.6.3)\n",
            "Requirement already satisfied: numpy>=1.15 in /usr/local/lib/python3.7/dist-packages (from yfinance) (1.19.5)\n",
            "Requirement already satisfied: pytz>=2017.2 in /usr/local/lib/python3.7/dist-packages (from pandas>=0.24->yfinance) (2018.9)\n",
            "Requirement already satisfied: python-dateutil>=2.7.3 in /usr/local/lib/python3.7/dist-packages (from pandas>=0.24->yfinance) (2.8.2)\n",
            "Requirement already satisfied: six>=1.5 in /usr/local/lib/python3.7/dist-packages (from python-dateutil>=2.7.3->pandas>=0.24->yfinance) (1.15.0)\n",
            "Requirement already satisfied: urllib3!=1.25.0,!=1.25.1,<1.26,>=1.21.1 in /usr/local/lib/python3.7/dist-packages (from requests>=2.20->yfinance) (1.24.3)\n",
            "Requirement already satisfied: certifi>=2017.4.17 in /usr/local/lib/python3.7/dist-packages (from requests>=2.20->yfinance) (2021.5.30)\n",
            "Requirement already satisfied: chardet<4,>=3.0.2 in /usr/local/lib/python3.7/dist-packages (from requests>=2.20->yfinance) (3.0.4)\n",
            "Requirement already satisfied: idna<3,>=2.5 in /usr/local/lib/python3.7/dist-packages (from requests>=2.20->yfinance) (2.10)\n"
          ]
        }
      ]
    },
    {
      "cell_type": "code",
      "metadata": {
        "id": "RepZm8AQGnKe"
      },
      "source": [
        "import yfinance as yf #yahoo finance\n",
        "import pandas as pd #pandas\n"
      ],
      "execution_count": 352,
      "outputs": []
    },
    {
      "cell_type": "markdown",
      "metadata": {
        "id": "z6m9axgvGrfU"
      },
      "source": [
        "## 2. Meus Ativos"
      ]
    },
    {
      "cell_type": "code",
      "metadata": {
        "id": "0afxh-iuGype"
      },
      "source": [
        "ativos = ['VIIA3.SA','OIBR3.SA','SAPR4.SA','IRBR3.SA','EVEN3.SA'] #Nomes do meus ativos.SA (o .SA é para consultar API no yahoo)"
      ],
      "execution_count": 370,
      "outputs": []
    },
    {
      "cell_type": "code",
      "metadata": {
        "id": "dnaRWJI2HFtf"
      },
      "source": [
        "inicio = '2020-12-07' #ano mes dia\n",
        "fim = '2021-10-07' #ano mes dia"
      ],
      "execution_count": 371,
      "outputs": []
    },
    {
      "cell_type": "code",
      "metadata": {
        "id": "A8R1uR4JHLmU",
        "colab": {
          "base_uri": "https://localhost:8080/"
        },
        "outputId": "3dcc8090-e7d6-447c-a2f6-8d403d884a5f"
      },
      "source": [
        "precos = pd.DataFrame() #criando dataframe vazio\n",
        "\n",
        "for i in ativos: #para cada ativo na lista de ativos\n",
        "  precos[i] = yf.download(i, start = inicio, end = fim)['Adj Close'] #valida para o ativo trazendo 'ADJ CLOSE'"
      ],
      "execution_count": 372,
      "outputs": [
        {
          "output_type": "stream",
          "name": "stdout",
          "text": [
            "[*********************100%***********************]  1 of 1 completed\n",
            "[*********************100%***********************]  1 of 1 completed\n",
            "[*********************100%***********************]  1 of 1 completed\n",
            "[*********************100%***********************]  1 of 1 completed\n",
            "[*********************100%***********************]  1 of 1 completed\n"
          ]
        }
      ]
    },
    {
      "cell_type": "code",
      "metadata": {
        "id": "Rv3TVfMu6hHP",
        "colab": {
          "base_uri": "https://localhost:8080/",
          "height": 450
        },
        "outputId": "4a1b0bf6-98a6-4e40-cb76-c773aa38c1bc"
      },
      "source": [
        "precos.iloc[::-1] #Invertendo a lista para visualização"
      ],
      "execution_count": 373,
      "outputs": [
        {
          "output_type": "execute_result",
          "data": {
            "text/html": [
              "<div>\n",
              "<style scoped>\n",
              "    .dataframe tbody tr th:only-of-type {\n",
              "        vertical-align: middle;\n",
              "    }\n",
              "\n",
              "    .dataframe tbody tr th {\n",
              "        vertical-align: top;\n",
              "    }\n",
              "\n",
              "    .dataframe thead th {\n",
              "        text-align: right;\n",
              "    }\n",
              "</style>\n",
              "<table border=\"1\" class=\"dataframe\">\n",
              "  <thead>\n",
              "    <tr style=\"text-align: right;\">\n",
              "      <th></th>\n",
              "      <th>VIIA3.SA</th>\n",
              "      <th>OIBR3.SA</th>\n",
              "      <th>SAPR4.SA</th>\n",
              "      <th>IRBR3.SA</th>\n",
              "      <th>EVEN3.SA</th>\n",
              "    </tr>\n",
              "    <tr>\n",
              "      <th>Date</th>\n",
              "      <th></th>\n",
              "      <th></th>\n",
              "      <th></th>\n",
              "      <th></th>\n",
              "      <th></th>\n",
              "    </tr>\n",
              "  </thead>\n",
              "  <tbody>\n",
              "    <tr>\n",
              "      <th>2021-10-06</th>\n",
              "      <td>8.120000</td>\n",
              "      <td>0.94</td>\n",
              "      <td>3.760000</td>\n",
              "      <td>4.84</td>\n",
              "      <td>7.420000</td>\n",
              "    </tr>\n",
              "    <tr>\n",
              "      <th>2021-10-05</th>\n",
              "      <td>7.850000</td>\n",
              "      <td>0.98</td>\n",
              "      <td>3.760000</td>\n",
              "      <td>4.83</td>\n",
              "      <td>7.530000</td>\n",
              "    </tr>\n",
              "    <tr>\n",
              "      <th>2021-10-04</th>\n",
              "      <td>7.700000</td>\n",
              "      <td>0.98</td>\n",
              "      <td>3.770000</td>\n",
              "      <td>4.85</td>\n",
              "      <td>7.770000</td>\n",
              "    </tr>\n",
              "    <tr>\n",
              "      <th>2021-10-01</th>\n",
              "      <td>8.290000</td>\n",
              "      <td>1.00</td>\n",
              "      <td>3.830000</td>\n",
              "      <td>4.94</td>\n",
              "      <td>8.120000</td>\n",
              "    </tr>\n",
              "    <tr>\n",
              "      <th>2021-09-30</th>\n",
              "      <td>7.710000</td>\n",
              "      <td>1.00</td>\n",
              "      <td>3.850000</td>\n",
              "      <td>4.73</td>\n",
              "      <td>7.690000</td>\n",
              "    </tr>\n",
              "    <tr>\n",
              "      <th>...</th>\n",
              "      <td>...</td>\n",
              "      <td>...</td>\n",
              "      <td>...</td>\n",
              "      <td>...</td>\n",
              "      <td>...</td>\n",
              "    </tr>\n",
              "    <tr>\n",
              "      <th>2020-12-11</th>\n",
              "      <td>16.820000</td>\n",
              "      <td>2.36</td>\n",
              "      <td>4.925322</td>\n",
              "      <td>7.28</td>\n",
              "      <td>11.671668</td>\n",
              "    </tr>\n",
              "    <tr>\n",
              "      <th>2020-12-10</th>\n",
              "      <td>17.020000</td>\n",
              "      <td>2.43</td>\n",
              "      <td>4.896631</td>\n",
              "      <td>7.38</td>\n",
              "      <td>11.671668</td>\n",
              "    </tr>\n",
              "    <tr>\n",
              "      <th>2020-12-09</th>\n",
              "      <td>17.209999</td>\n",
              "      <td>2.45</td>\n",
              "      <td>4.887067</td>\n",
              "      <td>7.26</td>\n",
              "      <td>11.755369</td>\n",
              "    </tr>\n",
              "    <tr>\n",
              "      <th>2020-12-08</th>\n",
              "      <td>17.700001</td>\n",
              "      <td>2.33</td>\n",
              "      <td>4.925322</td>\n",
              "      <td>7.53</td>\n",
              "      <td>11.811170</td>\n",
              "    </tr>\n",
              "    <tr>\n",
              "      <th>2020-12-07</th>\n",
              "      <td>17.430000</td>\n",
              "      <td>2.26</td>\n",
              "      <td>4.954013</td>\n",
              "      <td>7.36</td>\n",
              "      <td>11.866971</td>\n",
              "    </tr>\n",
              "  </tbody>\n",
              "</table>\n",
              "<p>205 rows × 5 columns</p>\n",
              "</div>"
            ],
            "text/plain": [
              "             VIIA3.SA  OIBR3.SA  SAPR4.SA  IRBR3.SA   EVEN3.SA\n",
              "Date                                                          \n",
              "2021-10-06   8.120000      0.94  3.760000      4.84   7.420000\n",
              "2021-10-05   7.850000      0.98  3.760000      4.83   7.530000\n",
              "2021-10-04   7.700000      0.98  3.770000      4.85   7.770000\n",
              "2021-10-01   8.290000      1.00  3.830000      4.94   8.120000\n",
              "2021-09-30   7.710000      1.00  3.850000      4.73   7.690000\n",
              "...               ...       ...       ...       ...        ...\n",
              "2020-12-11  16.820000      2.36  4.925322      7.28  11.671668\n",
              "2020-12-10  17.020000      2.43  4.896631      7.38  11.671668\n",
              "2020-12-09  17.209999      2.45  4.887067      7.26  11.755369\n",
              "2020-12-08  17.700001      2.33  4.925322      7.53  11.811170\n",
              "2020-12-07  17.430000      2.26  4.954013      7.36  11.866971\n",
              "\n",
              "[205 rows x 5 columns]"
            ]
          },
          "metadata": {},
          "execution_count": 373
        }
      ]
    },
    {
      "cell_type": "code",
      "metadata": {
        "colab": {
          "base_uri": "https://localhost:8080/",
          "height": 450
        },
        "id": "GI5O9U5ibirB",
        "outputId": "ae36f13f-43a0-42a7-b872-2e1520a6ea7d"
      },
      "source": [
        "precos"
      ],
      "execution_count": 374,
      "outputs": [
        {
          "output_type": "execute_result",
          "data": {
            "text/html": [
              "<div>\n",
              "<style scoped>\n",
              "    .dataframe tbody tr th:only-of-type {\n",
              "        vertical-align: middle;\n",
              "    }\n",
              "\n",
              "    .dataframe tbody tr th {\n",
              "        vertical-align: top;\n",
              "    }\n",
              "\n",
              "    .dataframe thead th {\n",
              "        text-align: right;\n",
              "    }\n",
              "</style>\n",
              "<table border=\"1\" class=\"dataframe\">\n",
              "  <thead>\n",
              "    <tr style=\"text-align: right;\">\n",
              "      <th></th>\n",
              "      <th>VIIA3.SA</th>\n",
              "      <th>OIBR3.SA</th>\n",
              "      <th>SAPR4.SA</th>\n",
              "      <th>IRBR3.SA</th>\n",
              "      <th>EVEN3.SA</th>\n",
              "    </tr>\n",
              "    <tr>\n",
              "      <th>Date</th>\n",
              "      <th></th>\n",
              "      <th></th>\n",
              "      <th></th>\n",
              "      <th></th>\n",
              "      <th></th>\n",
              "    </tr>\n",
              "  </thead>\n",
              "  <tbody>\n",
              "    <tr>\n",
              "      <th>2020-12-07</th>\n",
              "      <td>17.430000</td>\n",
              "      <td>2.26</td>\n",
              "      <td>4.954013</td>\n",
              "      <td>7.36</td>\n",
              "      <td>11.866971</td>\n",
              "    </tr>\n",
              "    <tr>\n",
              "      <th>2020-12-08</th>\n",
              "      <td>17.700001</td>\n",
              "      <td>2.33</td>\n",
              "      <td>4.925322</td>\n",
              "      <td>7.53</td>\n",
              "      <td>11.811170</td>\n",
              "    </tr>\n",
              "    <tr>\n",
              "      <th>2020-12-09</th>\n",
              "      <td>17.209999</td>\n",
              "      <td>2.45</td>\n",
              "      <td>4.887067</td>\n",
              "      <td>7.26</td>\n",
              "      <td>11.755369</td>\n",
              "    </tr>\n",
              "    <tr>\n",
              "      <th>2020-12-10</th>\n",
              "      <td>17.020000</td>\n",
              "      <td>2.43</td>\n",
              "      <td>4.896631</td>\n",
              "      <td>7.38</td>\n",
              "      <td>11.671668</td>\n",
              "    </tr>\n",
              "    <tr>\n",
              "      <th>2020-12-11</th>\n",
              "      <td>16.820000</td>\n",
              "      <td>2.36</td>\n",
              "      <td>4.925322</td>\n",
              "      <td>7.28</td>\n",
              "      <td>11.671668</td>\n",
              "    </tr>\n",
              "    <tr>\n",
              "      <th>...</th>\n",
              "      <td>...</td>\n",
              "      <td>...</td>\n",
              "      <td>...</td>\n",
              "      <td>...</td>\n",
              "      <td>...</td>\n",
              "    </tr>\n",
              "    <tr>\n",
              "      <th>2021-09-30</th>\n",
              "      <td>7.710000</td>\n",
              "      <td>1.00</td>\n",
              "      <td>3.850000</td>\n",
              "      <td>4.73</td>\n",
              "      <td>7.690000</td>\n",
              "    </tr>\n",
              "    <tr>\n",
              "      <th>2021-10-01</th>\n",
              "      <td>8.290000</td>\n",
              "      <td>1.00</td>\n",
              "      <td>3.830000</td>\n",
              "      <td>4.94</td>\n",
              "      <td>8.120000</td>\n",
              "    </tr>\n",
              "    <tr>\n",
              "      <th>2021-10-04</th>\n",
              "      <td>7.700000</td>\n",
              "      <td>0.98</td>\n",
              "      <td>3.770000</td>\n",
              "      <td>4.85</td>\n",
              "      <td>7.770000</td>\n",
              "    </tr>\n",
              "    <tr>\n",
              "      <th>2021-10-05</th>\n",
              "      <td>7.850000</td>\n",
              "      <td>0.98</td>\n",
              "      <td>3.760000</td>\n",
              "      <td>4.83</td>\n",
              "      <td>7.530000</td>\n",
              "    </tr>\n",
              "    <tr>\n",
              "      <th>2021-10-06</th>\n",
              "      <td>8.120000</td>\n",
              "      <td>0.94</td>\n",
              "      <td>3.760000</td>\n",
              "      <td>4.84</td>\n",
              "      <td>7.420000</td>\n",
              "    </tr>\n",
              "  </tbody>\n",
              "</table>\n",
              "<p>205 rows × 5 columns</p>\n",
              "</div>"
            ],
            "text/plain": [
              "             VIIA3.SA  OIBR3.SA  SAPR4.SA  IRBR3.SA   EVEN3.SA\n",
              "Date                                                          \n",
              "2020-12-07  17.430000      2.26  4.954013      7.36  11.866971\n",
              "2020-12-08  17.700001      2.33  4.925322      7.53  11.811170\n",
              "2020-12-09  17.209999      2.45  4.887067      7.26  11.755369\n",
              "2020-12-10  17.020000      2.43  4.896631      7.38  11.671668\n",
              "2020-12-11  16.820000      2.36  4.925322      7.28  11.671668\n",
              "...               ...       ...       ...       ...        ...\n",
              "2021-09-30   7.710000      1.00  3.850000      4.73   7.690000\n",
              "2021-10-01   8.290000      1.00  3.830000      4.94   8.120000\n",
              "2021-10-04   7.700000      0.98  3.770000      4.85   7.770000\n",
              "2021-10-05   7.850000      0.98  3.760000      4.83   7.530000\n",
              "2021-10-06   8.120000      0.94  3.760000      4.84   7.420000\n",
              "\n",
              "[205 rows x 5 columns]"
            ]
          },
          "metadata": {},
          "execution_count": 374
        }
      ]
    },
    {
      "cell_type": "code",
      "metadata": {
        "colab": {
          "base_uri": "https://localhost:8080/"
        },
        "id": "KFpbab4kcThB",
        "outputId": "10f589c6-c115-4d61-9908-86daf0381bba"
      },
      "source": [
        "precos.info()"
      ],
      "execution_count": 375,
      "outputs": [
        {
          "output_type": "stream",
          "name": "stdout",
          "text": [
            "<class 'pandas.core.frame.DataFrame'>\n",
            "DatetimeIndex: 205 entries, 2020-12-07 to 2021-10-06\n",
            "Data columns (total 5 columns):\n",
            " #   Column    Non-Null Count  Dtype  \n",
            "---  ------    --------------  -----  \n",
            " 0   VIIA3.SA  205 non-null    float64\n",
            " 1   OIBR3.SA  205 non-null    float64\n",
            " 2   SAPR4.SA  205 non-null    float64\n",
            " 3   IRBR3.SA  205 non-null    float64\n",
            " 4   EVEN3.SA  205 non-null    float64\n",
            "dtypes: float64(5)\n",
            "memory usage: 9.6 KB\n"
          ]
        }
      ]
    },
    {
      "cell_type": "code",
      "metadata": {
        "id": "-J8X4Ig3b_nX"
      },
      "source": [
        "#Se necessario utilizar, precos = precos.fillna(1) #Alterando valor Nan do dataframe para 1"
      ],
      "execution_count": 359,
      "outputs": []
    },
    {
      "cell_type": "code",
      "metadata": {
        "colab": {
          "base_uri": "https://localhost:8080/",
          "height": 450
        },
        "id": "WpHr_yVLcEOW",
        "outputId": "ba872a55-175c-4691-d67c-8fbc40afbb37"
      },
      "source": [
        "precos"
      ],
      "execution_count": 397,
      "outputs": [
        {
          "output_type": "execute_result",
          "data": {
            "text/html": [
              "<div>\n",
              "<style scoped>\n",
              "    .dataframe tbody tr th:only-of-type {\n",
              "        vertical-align: middle;\n",
              "    }\n",
              "\n",
              "    .dataframe tbody tr th {\n",
              "        vertical-align: top;\n",
              "    }\n",
              "\n",
              "    .dataframe thead th {\n",
              "        text-align: right;\n",
              "    }\n",
              "</style>\n",
              "<table border=\"1\" class=\"dataframe\">\n",
              "  <thead>\n",
              "    <tr style=\"text-align: right;\">\n",
              "      <th></th>\n",
              "      <th>VIIA3.SA</th>\n",
              "      <th>OIBR3.SA</th>\n",
              "      <th>SAPR4.SA</th>\n",
              "      <th>IRBR3.SA</th>\n",
              "      <th>EVEN3.SA</th>\n",
              "    </tr>\n",
              "    <tr>\n",
              "      <th>Date</th>\n",
              "      <th></th>\n",
              "      <th></th>\n",
              "      <th></th>\n",
              "      <th></th>\n",
              "      <th></th>\n",
              "    </tr>\n",
              "  </thead>\n",
              "  <tbody>\n",
              "    <tr>\n",
              "      <th>2020-12-07</th>\n",
              "      <td>17.430000</td>\n",
              "      <td>2.26</td>\n",
              "      <td>4.954013</td>\n",
              "      <td>7.36</td>\n",
              "      <td>11.866971</td>\n",
              "    </tr>\n",
              "    <tr>\n",
              "      <th>2020-12-08</th>\n",
              "      <td>17.700001</td>\n",
              "      <td>2.33</td>\n",
              "      <td>4.925322</td>\n",
              "      <td>7.53</td>\n",
              "      <td>11.811170</td>\n",
              "    </tr>\n",
              "    <tr>\n",
              "      <th>2020-12-09</th>\n",
              "      <td>17.209999</td>\n",
              "      <td>2.45</td>\n",
              "      <td>4.887067</td>\n",
              "      <td>7.26</td>\n",
              "      <td>11.755369</td>\n",
              "    </tr>\n",
              "    <tr>\n",
              "      <th>2020-12-10</th>\n",
              "      <td>17.020000</td>\n",
              "      <td>2.43</td>\n",
              "      <td>4.896631</td>\n",
              "      <td>7.38</td>\n",
              "      <td>11.671668</td>\n",
              "    </tr>\n",
              "    <tr>\n",
              "      <th>2020-12-11</th>\n",
              "      <td>16.820000</td>\n",
              "      <td>2.36</td>\n",
              "      <td>4.925322</td>\n",
              "      <td>7.28</td>\n",
              "      <td>11.671668</td>\n",
              "    </tr>\n",
              "    <tr>\n",
              "      <th>...</th>\n",
              "      <td>...</td>\n",
              "      <td>...</td>\n",
              "      <td>...</td>\n",
              "      <td>...</td>\n",
              "      <td>...</td>\n",
              "    </tr>\n",
              "    <tr>\n",
              "      <th>2021-09-30</th>\n",
              "      <td>7.710000</td>\n",
              "      <td>1.00</td>\n",
              "      <td>3.850000</td>\n",
              "      <td>4.73</td>\n",
              "      <td>7.690000</td>\n",
              "    </tr>\n",
              "    <tr>\n",
              "      <th>2021-10-01</th>\n",
              "      <td>8.290000</td>\n",
              "      <td>1.00</td>\n",
              "      <td>3.830000</td>\n",
              "      <td>4.94</td>\n",
              "      <td>8.120000</td>\n",
              "    </tr>\n",
              "    <tr>\n",
              "      <th>2021-10-04</th>\n",
              "      <td>7.700000</td>\n",
              "      <td>0.98</td>\n",
              "      <td>3.770000</td>\n",
              "      <td>4.85</td>\n",
              "      <td>7.770000</td>\n",
              "    </tr>\n",
              "    <tr>\n",
              "      <th>2021-10-05</th>\n",
              "      <td>7.850000</td>\n",
              "      <td>0.98</td>\n",
              "      <td>3.760000</td>\n",
              "      <td>4.83</td>\n",
              "      <td>7.530000</td>\n",
              "    </tr>\n",
              "    <tr>\n",
              "      <th>2021-10-06</th>\n",
              "      <td>8.120000</td>\n",
              "      <td>0.94</td>\n",
              "      <td>3.760000</td>\n",
              "      <td>4.84</td>\n",
              "      <td>7.420000</td>\n",
              "    </tr>\n",
              "  </tbody>\n",
              "</table>\n",
              "<p>205 rows × 5 columns</p>\n",
              "</div>"
            ],
            "text/plain": [
              "             VIIA3.SA  OIBR3.SA  SAPR4.SA  IRBR3.SA   EVEN3.SA\n",
              "Date                                                          \n",
              "2020-12-07  17.430000      2.26  4.954013      7.36  11.866971\n",
              "2020-12-08  17.700001      2.33  4.925322      7.53  11.811170\n",
              "2020-12-09  17.209999      2.45  4.887067      7.26  11.755369\n",
              "2020-12-10  17.020000      2.43  4.896631      7.38  11.671668\n",
              "2020-12-11  16.820000      2.36  4.925322      7.28  11.671668\n",
              "...               ...       ...       ...       ...        ...\n",
              "2021-09-30   7.710000      1.00  3.850000      4.73   7.690000\n",
              "2021-10-01   8.290000      1.00  3.830000      4.94   8.120000\n",
              "2021-10-04   7.700000      0.98  3.770000      4.85   7.770000\n",
              "2021-10-05   7.850000      0.98  3.760000      4.83   7.530000\n",
              "2021-10-06   8.120000      0.94  3.760000      4.84   7.420000\n",
              "\n",
              "[205 rows x 5 columns]"
            ]
          },
          "metadata": {},
          "execution_count": 397
        }
      ]
    },
    {
      "cell_type": "code",
      "metadata": {
        "colab": {
          "base_uri": "https://localhost:8080/"
        },
        "id": "4jOqPoBDcJ8h",
        "outputId": "c51090ba-5530-47f4-d6ac-5676cffdac12"
      },
      "source": [
        "precos.info()"
      ],
      "execution_count": 362,
      "outputs": [
        {
          "output_type": "stream",
          "name": "stdout",
          "text": [
            "<class 'pandas.core.frame.DataFrame'>\n",
            "DatetimeIndex: 205 entries, 2020-12-07 to 2021-10-06\n",
            "Data columns (total 7 columns):\n",
            " #   Column    Non-Null Count  Dtype  \n",
            "---  ------    --------------  -----  \n",
            " 0   VIIA3.SA  205 non-null    float64\n",
            " 1   OIBR3.SA  205 non-null    float64\n",
            " 2   SAPR4.SA  205 non-null    float64\n",
            " 3   NGRD3.SA  205 non-null    float64\n",
            " 4   IRBR3.SA  205 non-null    float64\n",
            " 5   MOSI3.SA  205 non-null    float64\n",
            " 6   EVEN3.SA  205 non-null    float64\n",
            "dtypes: float64(7)\n",
            "memory usage: 12.8 KB\n"
          ]
        }
      ]
    },
    {
      "cell_type": "code",
      "metadata": {
        "id": "fxMP5hxDlGDb"
      },
      "source": [
        "normalizado = precos/precos.iloc[0] #dividino cada item pelo valor do primeiro item"
      ],
      "execution_count": 376,
      "outputs": []
    },
    {
      "cell_type": "code",
      "metadata": {
        "colab": {
          "base_uri": "https://localhost:8080/",
          "height": 450
        },
        "id": "dZ4Dtbcubpq4",
        "outputId": "164253dd-c9ab-47eb-bb3b-97d2e68210c3"
      },
      "source": [
        "normalizado"
      ],
      "execution_count": 377,
      "outputs": [
        {
          "output_type": "execute_result",
          "data": {
            "text/html": [
              "<div>\n",
              "<style scoped>\n",
              "    .dataframe tbody tr th:only-of-type {\n",
              "        vertical-align: middle;\n",
              "    }\n",
              "\n",
              "    .dataframe tbody tr th {\n",
              "        vertical-align: top;\n",
              "    }\n",
              "\n",
              "    .dataframe thead th {\n",
              "        text-align: right;\n",
              "    }\n",
              "</style>\n",
              "<table border=\"1\" class=\"dataframe\">\n",
              "  <thead>\n",
              "    <tr style=\"text-align: right;\">\n",
              "      <th></th>\n",
              "      <th>VIIA3.SA</th>\n",
              "      <th>OIBR3.SA</th>\n",
              "      <th>SAPR4.SA</th>\n",
              "      <th>IRBR3.SA</th>\n",
              "      <th>EVEN3.SA</th>\n",
              "    </tr>\n",
              "    <tr>\n",
              "      <th>Date</th>\n",
              "      <th></th>\n",
              "      <th></th>\n",
              "      <th></th>\n",
              "      <th></th>\n",
              "      <th></th>\n",
              "    </tr>\n",
              "  </thead>\n",
              "  <tbody>\n",
              "    <tr>\n",
              "      <th>2020-12-07</th>\n",
              "      <td>1.000000</td>\n",
              "      <td>1.000000</td>\n",
              "      <td>1.000000</td>\n",
              "      <td>1.000000</td>\n",
              "      <td>1.000000</td>\n",
              "    </tr>\n",
              "    <tr>\n",
              "      <th>2020-12-08</th>\n",
              "      <td>1.015491</td>\n",
              "      <td>1.030973</td>\n",
              "      <td>0.994208</td>\n",
              "      <td>1.023098</td>\n",
              "      <td>0.995298</td>\n",
              "    </tr>\n",
              "    <tr>\n",
              "      <th>2020-12-09</th>\n",
              "      <td>0.987378</td>\n",
              "      <td>1.084071</td>\n",
              "      <td>0.986487</td>\n",
              "      <td>0.986413</td>\n",
              "      <td>0.990596</td>\n",
              "    </tr>\n",
              "    <tr>\n",
              "      <th>2020-12-10</th>\n",
              "      <td>0.976477</td>\n",
              "      <td>1.075221</td>\n",
              "      <td>0.988417</td>\n",
              "      <td>1.002717</td>\n",
              "      <td>0.983542</td>\n",
              "    </tr>\n",
              "    <tr>\n",
              "      <th>2020-12-11</th>\n",
              "      <td>0.965003</td>\n",
              "      <td>1.044248</td>\n",
              "      <td>0.994208</td>\n",
              "      <td>0.989130</td>\n",
              "      <td>0.983542</td>\n",
              "    </tr>\n",
              "    <tr>\n",
              "      <th>...</th>\n",
              "      <td>...</td>\n",
              "      <td>...</td>\n",
              "      <td>...</td>\n",
              "      <td>...</td>\n",
              "      <td>...</td>\n",
              "    </tr>\n",
              "    <tr>\n",
              "      <th>2021-09-30</th>\n",
              "      <td>0.442341</td>\n",
              "      <td>0.442478</td>\n",
              "      <td>0.777148</td>\n",
              "      <td>0.642663</td>\n",
              "      <td>0.648017</td>\n",
              "    </tr>\n",
              "    <tr>\n",
              "      <th>2021-10-01</th>\n",
              "      <td>0.475617</td>\n",
              "      <td>0.442478</td>\n",
              "      <td>0.773111</td>\n",
              "      <td>0.671196</td>\n",
              "      <td>0.684252</td>\n",
              "    </tr>\n",
              "    <tr>\n",
              "      <th>2021-10-04</th>\n",
              "      <td>0.441767</td>\n",
              "      <td>0.433628</td>\n",
              "      <td>0.760999</td>\n",
              "      <td>0.658967</td>\n",
              "      <td>0.654758</td>\n",
              "    </tr>\n",
              "    <tr>\n",
              "      <th>2021-10-05</th>\n",
              "      <td>0.450373</td>\n",
              "      <td>0.433628</td>\n",
              "      <td>0.758981</td>\n",
              "      <td>0.656250</td>\n",
              "      <td>0.634534</td>\n",
              "    </tr>\n",
              "    <tr>\n",
              "      <th>2021-10-06</th>\n",
              "      <td>0.465863</td>\n",
              "      <td>0.415929</td>\n",
              "      <td>0.758981</td>\n",
              "      <td>0.657609</td>\n",
              "      <td>0.625265</td>\n",
              "    </tr>\n",
              "  </tbody>\n",
              "</table>\n",
              "<p>205 rows × 5 columns</p>\n",
              "</div>"
            ],
            "text/plain": [
              "            VIIA3.SA  OIBR3.SA  SAPR4.SA  IRBR3.SA  EVEN3.SA\n",
              "Date                                                        \n",
              "2020-12-07  1.000000  1.000000  1.000000  1.000000  1.000000\n",
              "2020-12-08  1.015491  1.030973  0.994208  1.023098  0.995298\n",
              "2020-12-09  0.987378  1.084071  0.986487  0.986413  0.990596\n",
              "2020-12-10  0.976477  1.075221  0.988417  1.002717  0.983542\n",
              "2020-12-11  0.965003  1.044248  0.994208  0.989130  0.983542\n",
              "...              ...       ...       ...       ...       ...\n",
              "2021-09-30  0.442341  0.442478  0.777148  0.642663  0.648017\n",
              "2021-10-01  0.475617  0.442478  0.773111  0.671196  0.684252\n",
              "2021-10-04  0.441767  0.433628  0.760999  0.658967  0.654758\n",
              "2021-10-05  0.450373  0.433628  0.758981  0.656250  0.634534\n",
              "2021-10-06  0.465863  0.415929  0.758981  0.657609  0.625265\n",
              "\n",
              "[205 rows x 5 columns]"
            ]
          },
          "metadata": {},
          "execution_count": 377
        }
      ]
    },
    {
      "cell_type": "code",
      "metadata": {
        "colab": {
          "base_uri": "https://localhost:8080/",
          "height": 506
        },
        "id": "8Rmu3A9XguG9",
        "outputId": "c99a1a1c-ba48-4535-f39c-2a6b266ba90f"
      },
      "source": [
        "#Minha carteira:\n",
        "\n",
        "import matplotlib.pyplot as plt\n",
        "\n",
        "plt.style.use('dark_background')\n",
        "normalizado.plot(figsize = (8,8));\n",
        "plt.title('Carteira - Murilo Farias')"
      ],
      "execution_count": 398,
      "outputs": [
        {
          "output_type": "execute_result",
          "data": {
            "text/plain": [
              "Text(0.5, 1.0, 'Carteira - Murilo Farias')"
            ]
          },
          "metadata": {},
          "execution_count": 398
        },
        {
          "output_type": "display_data",
          "data": {
